3.1159397325165005e-10,1.6295510536665946e-09,-1.9364845879395327e-09
6.096454437375766e-10,1.839015601672687e-09,-1.657966842169788e-09
4.987729524626608e-10,2.1005764050637126e-09,-1.35694668590232e-09
-1.7683167277201706e-09,-1.819935611884111e-09,2.51774341546228e-10
2.5489669074936306e-09,-4.773023662106888e-11,5.4676585614439535e-11
6.130520301570222e-10,3.4880291677997225e-10,2.4505109127620993e-09
-2.549573202579868e-09,-2.0231801920804682e-11,-4.20375888660565e-11
1.8373555073634904e-09,-1.7366944574659086e-09,-3.3244112406296157e-10
3.3602013037569934e-10,-3.017312236361961e-10,2.5096909651718678e-09
9.224608971642318e-10,1.9312505871638263e-09,-1.386303380498777e-09
5.231099568163516e-10,7.552550395439529e-10,2.3787487884018056e-09
-1.2077432135932782e-10,-8.681943463232172e-10,-2.3946089744074284e-09
-5.980450781040513e-10,-2.447697874283024e-09,-3.919403025792119e-10
-2.408792689060633e-09,7.908569064419563e-10,-2.734284818030157e-10
-2.075196596033102e-09,1.4792598935597087e-09,-8.859602202324893e-11
-2.436431090069812e-09,4.738252814607329e-10,-5.846307774911313e-10
-4.848172577835928e-10,6.334750447117182e-11,2.5026864206752854e-09
3.202479916964107e-11,-1.1133643064359668e-10,-2.5473669958311246e-09
-5.622559698940152e-11,1.738092839018092e-09,1.8650394004409706e-09
1.0451589158662857e-09,2.295855585607701e-09,3.730817211002545e-10
2.6861960633869426e-10,2.515445869896556e-10,-2.523305139662393e-09
8.611971205800507e-10,-2.304379016051884e-09,-6.713247127019693e-10
-1.979323334920645e-09,-4.023910565132608e-10,1.5565540702066085e-09
-2.2585757565961133e-09,-1.4201535117279462e-10,-1.175230697245253e-09
-9.30978416467981e-10,-6.520883830875125e-10,-2.2826650934188936e-09
-1.7444004875532707e-09,8.712652913527416e-11,-1.8579493822342822e-09
1.6243929843140482e-09,-3.012646794657916e-10,-1.9424435707164506e-09
-4.6467765575478736e-10,2.4949847991101756e-09,2.4824489612355235e-10
-1.3854126362299432e-10,3.0251565775040747e-10,2.5281990813797836e-09
4.438043111089996e-10,-2.0993632511606943e-09,-1.3777560281548635e-09
-2.071985607964286e-09,-4.552845396683247e-10,-1.4149528714158186e-09
1.8547892344588206e-09,-6.1429456340851445e-12,-1.7499197581473841e-09
-9.006716660610029e-10,1.6328166525321472e-09,-1.7393103027259433e-09
4.503201275058059e-10,-2.509552284172068e-09,4.3117464789947835e-11
-6.249955150411263e-10,1.9409767714774537e-09,-1.5311726809094521e-09
-6.860900131372219e-10,-1.4048125017718684e-09,2.0145178899029e-09
6.834372881658304e-10,-6.402898275776737e-11,2.455873319719798e-09
1.2475722397143738e-09,-2.333705578124969e-10,-2.2116965636000667e-09
1.4363463232746303e-09,-2.0530811093979203e-09,4.735685777676305e-10
1.5110655638381893e-09,8.01795552533862e-10,1.891112041556315e-09
2.3207025812758797e-09,5.794575714089067e-10,-8.837807715697154e-10
-1.0608305182947243e-09,-2.040105490977893e-09,1.1023194623775804e-09
7.32871243993075e-10,9.292876042043754e-10,-2.2587218262548702e-09
5.171066700078907e-10,1.962916058618636e-09,1.5433927687566869e-09
-2.5047671892817164e-09,-3.352178732817088e-10,-3.4098431771895145e-10
2.325770648234296e-09,-5.896830545271696e-10,-8.634609354309727e-10
-7.580374471070558e-10,1.3501812389456255e-09,-2.026052775912482e-09
1.5345187932301785e-09,7.33705989559197e-10,-1.899849360899005e-09
-2.1137112149800954e-09,1.2538182962415578e-09,6.801945160594033e-10
-1.02199650233237e-09,3.0209606571718913e-10,-2.3166270991030467e-09
-1.826229204882818e-09,-3.4259914061075675e-10,-1.7464285614034843e-09
1.5901040345190964e-09,-1.894822422937885e-09,-6.19449065652612e-10
-2.419190231280819e-09,-2.4499490613286266e-10,-7.681120496674996e-10
-2.07736085513187e-09,8.081181494948146e-10,1.2385543726550176e-09
-5.781685284190667e-10,3.481965408822435e-10,-2.4590608617241204e-09
-1.784038299950739e-09,-1.5545914740263281e-09,9.502382297053332e-10
-2.092520578222406e-09,1.2566414573133476e-09,-7.380446310875464e-10
-2.515375057721013e-09,3.834714276680029e-10,-1.6833889377465848e-10
-1.2762948058928196e-09,-5.071461333576566e-10,-2.1485749621252192e-09
2.2485827961212845e-10,-2.50768217629389e-09,4.0431282045937297e-10
-4.0732444621554594e-10,-2.5172576294271436e-09,9.069763149548932e-13
2.6869863893269165e-10,1.1912700361507283e-10,2.5330041054932017e-09
1.4155584143534027e-09,-9.686295875100445e-10,-1.8869157632902967e-09
-1.9394320995136484e-09,-1.5689650249857858e-09,5.286320854312903e-10
2.413352001483488e-09,8.037360616692184e-10,-1.7955628674067035e-10
6.625599642023413e-10,-2.2322892165138227e-09,-1.0394225068143826e-09
1.6882546741518215e-09,-3.401372448056517e-11,1.9107954421526883e-09
-4.286064463559722e-10,-3.6965821213286094e-10,2.4863928330705996e-09
1.6553123222044603e-09,1.8243385877321035e-09,6.589611773615445e-10
-1.8270941441949414e-09,-7.713538737159663e-10,-1.6028849583647383e-09
1.6925113681537882e-09,1.8635999119786796e-09,-4.060795940985598e-10
-1.5635042025061982e-09,-2.0135491781970838e-09,-5.978558126594431e-11
-2.0498201246980777e-09,-1.5130482506290087e-09,1.0687585158141861e-10
1.9714914455558483e-09,-1.5555446688789766e-10,1.6098211975034166e-09
-1.9254277183929244e-09,-1.248716651743794e-09,-1.1117260565903754e-09
-1.3982409087561038e-09,9.078483534274416e-10,-1.9295682750967866e-09
-3.2351805840059756e-10,-1.1864053125657884e-09,2.2338931264060914e-09
2.232083570811865e-09,-4.692856944365353e-10,1.1402078187369936e-09
2.0985039322991416e-09,1.4471997438982084e-09,6.628836538941159e-11
-1.5960609363748398e-09,-1.895065631257374e-09,-6.031714023437793e-10
8.509932662058883e-10,-2.065985011514487e-10,-2.3949170173920867e-09
1.899966839863406e-10,-2.2949619554449527e-09,1.095240102961207e-09
2.4532589779999003e-09,4.903098877590696e-10,-4.935753243716443e-10
-1.4097835805513578e-10,1.035374235161125e-09,-2.3260750838536135e-09
-1.8049740206663804e-09,1.097772833113625e-09,1.4280978928620846e-09
1.734075083164929e-09,-4.5572501968470846e-10,1.8132286983113622e-09
-1.4933430044121171e-09,-1.056459224597703e-09,-1.7766036637178853e-09
1.0676862597767565e-09,-9.724287188906793e-10,-2.1016489805294685e-09
-2.2860650945795585e-09,5.52107750002685e-10,-9.856893099409808e-10
-8.065668239506518e-10,6.779150307310824e-10,-2.3221501178026874e-09
-1.8578299270584834e-09,7.033628630472954e-10,1.5988272717876006e-09
9.370558650036429e-10,2.346522049136982e-09,-3.4389035865556824e-10
-2.384687064191503e-09,1.562733595545005e-10,-8.895764402069446e-10
1.4678686937316894e-09,-7.503506740944678e-10,1.945465333499521e-09
6.809876257929543e-10,1.891050690785103e-10,-2.4501010441134237e-09
-2.2278240294826306e-09,1.1866295589229502e-09,-3.622297386329593e-10
4.44183117296695e-10,-2.4094942603240642e-09,-7.067805655038785e-10
1.0057657915479072e-09,-1.6289298650615697e-09,-1.684494781013735e-09
-1.3900948845645784e-09,-6.589097066155846e-10,2.0337094705083016e-09
1.4056141034727358e-09,1.898544808508422e-09,9.603523323261396e-10
7.554600737699834e-10,1.655666144815471e-09,1.7862109880558144e-09
-1.7323216552677893e-09,-1.1671157390496241e-09,-1.4626696600233821e-09
-2.517132865514079e-09,-1.0808739262373472e-10,3.935216041142922e-10
-2.4340833302445167e-09,-7.347167101246512e-10,-1.947554807685089e-10
-1.2129150998370759e-09,-9.112536583507305e-10,-2.049622826456035e-09
1.1277559227687587e-09,-6.204789410554535e-10,2.2012888184803667e-09
8.646505824753449e-10,2.270209475024463e-09,7.752601561632073e-10
1.3170184292367833e-09,2.1453230152534337e-09,-4.0688034761412476e-10
1.9046415747022607e-09,1.34805218300263e-09,-1.0283947606914075e-09
-1.8407257771761095e-10,-2.5159102784816035e-09,-3.72575840283578e-10
8.457847758245414e-10,-1.3225470169952376e-09,-2.009481898604819e-09
-9.30633654601926e-10,-1.6143675765747955e-09,1.7407579753160075e-09
8.686778073480467e-10,-2.396458517229824e-09,6.989593849161839e-11
1.2325247772031456e-09,-2.069646366241181e-09,8.366281087108019e-10
-1.5424643090130586e-09,1.7433575162792332e-10,2.0230943875966824e-09
2.1323022620012856e-09,-7.806916113354953e-11,-1.396313814851126e-09
-2.22126844631964e-09,-3.055959336947329e-10,1.2145277331926088e-09
1.4228807361152773e-09,-3.3383798544257314e-10,2.089608243252235e-09
-1.5813679681352581e-09,5.78731556925171e-10,1.9149008158060653e-09
2.1020283635138204e-09,1.12443800586923e-09,9.053264217619205e-10
4.250904433549291e-10,-1.2730163452188248e-09,-2.168231422098208e-09
-8.139480083680437e-10,2.1923614356364083e-09,1.0166316811943074e-09
7.993103004187083e-10,-8.775838824531001e-10,2.256867203205164e-09
-1.191281796717664e-09,1.0737578077970524e-11,2.254602489403876e-09
2.4421249095934523e-09,6.958950071026537e-10,2.3292931338234625e-10
1.9353827086949587e-09,-8.084496617192411e-10,-1.4502423643483213e-09
-5.866140833123647e-10,2.0940495004460696e-09,1.3316683547119236e-09
3.9727171171109153e-10,-1.8102634580778444e-09,1.7514626457398923e-09
-1.2018141894464349e-09,-2.249023941497398e-09,5.827917013719199e-12
2.42879667756199e-09,-7.764133015653822e-10,-2.5081551311328348e-11
2.013920824591395e-09,-1.2759563945739151e-09,-9.047420579496958e-10
-7.018478769838785e-10,-1.431757803279281e-09,-1.989969635527666e-09
-1.4863552134553849e-09,1.885097774043718e-09,-8.600317213506812e-10
-5.872373581863154e-10,1.2653448938285506e-09,2.1346087662174466e-09
1.706514744910043e-09,1.0510749819895191e-09,1.576562338647078e-09
-2.5130910078513436e-09,-4.224141168052878e-10,9.186892935224159e-11
1.1085822950214991e-09,-1.728740269065706e-09,1.5116224321157372e-09
-1.7546662697621542e-09,-1.5982534712524235e-09,-9.323261893718029e-10
-2.066757640822401e-09,-7.176518470485131e-10,1.3099575109636503e-09
9.195836740107922e-10,6.386463524783197e-10,2.291068899653381e-09
-8.155553703836884e-10,-2.289069372304358e-09,-7.730011944469803e-10
-1.0666178648394741e-09,-1.2287760200493236e-09,1.9633990483233473e-09
-3.9300504473523874e-10,2.319934493262176e-09,9.828280530108125e-10
-2.1257896345555837e-09,9.316849119142605e-10,-1.0561636495010396e-09
2.6821554176235386e-10,2.2102077484091365e-09,1.2431983478228006e-09
2.2328837591460548e-09,7.307908562697387e-10,9.912995725482405e-10
3.968210077419638e-10,-7.099867331369135e-10,2.416806141705252e-09
-2.1307132437541447e-09,-9.646103123980435e-10,1.0159173283816166e-09
-1.434610233378461e-09,-1.8371534140369436e-09,1.0340506813392659e-09
2.0718919966597555e-09,-1.3995069075631265e-09,-5.011426641789211e-10
1.3149173556925302e-09,1.0860267687556781e-09,-1.895794874253189e-09
-2.2977068971632368e-09,-9.118814847097549e-10,6.257117328067477e-10
-8.651034545194242e-10,-2.27471109319054e-09,7.614364421896672e-10
2.2611481603149824e-09,2.4785393441428916e-10,-1.1525091862104731e-09
2.500422578261851e-09,-1.5555201201612616e-10,4.755948923990792e-10
1.913611572330055e-09,-1.5079548401552118e-09,7.527701842507872e-10
2.069367963347762e-09,-1.446473180386574e-09,3.57675230750308e-10
-2.296412074188731e-09,4.946678081006344e-10,9.92116598565474e-10
-1.4797924019740207e-09,-2.439462565994582e-10,2.0623299132173468e-09
-2.1914008791497176e-10,1.9613781742693496e-09,-1.6147672523829712e-09
-2.4148482242121262e-09,5.914616201103695e-10,5.667285116843502e-10
2.2390533989855245e-09,-8.311950659241917e-10,8.9345097172405e-10
6.941347796449804e-10,-9.567808030575033e-10,-2.2594794538981436e-09
-4.4671154055896873e-10,-2.048151354807341e-09,1.4519038629786362e-09
1.9324686312100743e-10,1.930278559560224e-09,-1.6550469275509978e-09
-1.0007192130684567e-09,9.900805915468123e-10,-2.1262176461590106e-09
-1.2410271918940985e-09,4.2886405924874495e-10,2.185961373781371e-09
-1.5814690133388207e-09,1.7661026360457366e-09,9.393280783631661e-10
-1.0650115296079745e-09,-8.611055280938667e-10,2.1509876130020524e-09
1.250024065970436e-09,-2.129841326171837e-09,-6.353863075526017e-10
-1.3605884971571915e-09,-2.1232907594717146e-09,-3.780678406656223e-10
7.955987605431662e-10,2.1787936796443396e-09,-1.059424708869893e-09
-8.696808916864951e-10,2.2722523424868726e-09,-7.635603700417567e-10
2.122161712635644e-09,6.491220649863731e-10,-1.2560136186248853e-09
2.188590386364384e-09,-1.7657908425423643e-11,1.308533652216647e-09
-2.059284042056806e-09,-1.2812656198253441e-09,7.875326314406037e-10
1.2931963540870052e-09,1.7486771928546455e-09,1.3312667895527454e-09
-1.1226213177913321e-09,-1.657691683337734e-10,-2.283580950978174e-09
-4.512197544710773e-11,2.3609085268790485e-09,-9.625876246044047e-10
2.183917163028446e-10,2.4852312833931474e-09,5.276651649430236e-10
1.2603347223562544e-09,-2.214760103840176e-09,9.430837747006641e-11
8.816587331735233e-10,-1.983824802761998e-09,-1.3377656858228866e-09
2.160991796654842e-11,-2.1102163535747945e-09,-1.43143981799829e-09
6.670162008937249e-10,-2.440437745870624e-09,-3.191441622138995e-10
-3.639441108537973e-10,6.993517828507567e-10,-2.4250673739090854e-09
4.992496299002715e-10,6.018344896085509e-10,-2.427147513885807e-09
1.0779052791005618e-09,-2.082222525315552e-09,-1.0024817027535552e-09
-2.2878337378308744e-09,-1.1258731379629905e-09,-2.6953019426006005e-11
1.82641942051996e-09,1.6266246284988008e-09,-7.216539463681127e-10
-1.2580892904607186e-09,-2.094712870129957e-09,7.293074310192957e-10
5.810037166922626e-12,-1.2423288022889633e-09,-2.2269003997645227e-09
-4.968019328463306e-11,-2.1268504984616175e-09,1.4058943187838737e-09
1.7052006643642975e-09,-1.5244469534228534e-09,1.127320797489047e-09
-2.0007520610971163e-10,2.4720773378218822e-09,5.927086533260934e-10
1.4486246966704472e-09,-1.4626960175562506e-09,-1.5048278467723609e-09
-2.3460141519789194e-10,1.450345310370122e-09,2.0842170368449016e-09
1.3575273236940373e-09,1.1905504240578623e-09,1.8006135768675492e-09
-4.117546231099522e-10,-1.1804485592091442e-09,-2.222498443061015e-09
1.4680687079503994e-09,1.9460787048560444e-09,-7.483661825888892e-10
2.3743304260818908e-09,-8.147447375932193e-10,4.486045478435811e-10
2.2950114262408515e-09,-1.0751560348335389e-09,-2.8189014559745624e-10
8.457878964576045e-10,-2.2630467265337183e-09,8.159426130132211e-10
-2.2998390245942533e-09,8.724538620030882e-10,-6.723575831573922e-10
1.8353972442856223e-09,6.575571700602621e-10,1.643604430442764e-09
1.340393723397988e-09,1.3979426911094279e-09,-1.6587950140535773e-09
-1.919086262712136e-09,3.8033487235763194e-10,-1.6355284470587087e-09
-1.6275859434966637e-09,1.4466717570986552e-09,-1.326877848087444e-09
2.4197580994344946e-10,-2.5144480390337712e-09,-3.4856673163317385e-10
-1.527182728342495e-09,-2.0986979365486092e-10,-2.0312970201237534e-09
1.86001236680071e-09,6.968987104194454e-10,-1.599120440355928e-09
1.1431286274776042e-09,9.322748986961744e-10,2.0800529931475798e-09
8.291224318121603e-10,-1.2602102679909531e-09,2.055948947205659e-09
2.108237282583774e-09,4.651607535826363e-10,1.3570044339095648e-09
-1.6275336972103836e-09,-1.8476804698282637e-09,6.631070395191901e-10
-1.3027855647180786e-09,2.1490895646583613e-09,4.320460802260962e-10
-2.072958529886441e-09,-1.2948221747441627e-09,-7.271715541478794e-10
1.7678515135524247e-09,-1.1971427103710308e-09,1.3942920630326714e-09
-1.2189921665011833e-09,-1.7690308831087394e-09,-1.3737131551442124e-09
2.1261902574489464e-09,-8.950457005293269e-10,-1.0866039679170823e-09
9.69165711016883e-10,1.3094728306693676e-09,1.9617590907978214e-09
1.1502740306406365e-09,1.5499909622008694e-09,1.6664026138749803e-09
-1.7732208028125785e-09,1.6039664685439303e-09,-8.86272843011353e-10
2.3630899134317765e-09,-1.43110960236457e-10,9.475364447329712e-10
-8.214110290527472e-10,-1.0593585138327004e-09,-2.169226465936805e-09
-6.663103936709122e-10,-2.19254247434782e-09,1.1186098325452236e-09
1.8165603256601667e-09,-1.6097449223019817e-09,-7.818758650581426e-10
9.07873151701168e-10,5.22835765178774e-10,-2.324846038573332e-09
2.424878728442311e-10,2.458254638918704e-09,-6.329958623546852e-10
1.0633379645604728e-10,1.998324098319682e-09,1.580472689357862e-09
1.4836033084945007e-09,-1.1347508060381381e-09,1.7360189605012866e-09
-1.5653227067059104e-10,2.189805152356162e-09,1.2972089434447777e-09
2.0139427242911413e-10,5.5014317019535e-10,2.4817902488566917e-09
-1.56006505695284e-10,3.018143121033229e-10,-2.5272653385013506e-09
-3.7815212771758913e-10,-5.969820603753701e-11,-2.5210983900868606e-09
-1.3768039809610054e-09,1.6593448510434251e-10,-2.1399477901722477e-09
-2.291038752749435e-09,9.966755498620546e-11,1.1152164865546896e-09
9.62326808959772e-10,1.2325122692721252e-09,-2.0142841455095105e-09
-2.0320587847880287e-09,-3.486351372997451e-11,-1.5401368869604417e-09
-1.5714808175478733e-09,-6.530002281662005e-10,-1.8990889242197056e-09
-1.3619123443063054e-09,-1.4267819087907001e-09,-1.6161646423473296e-09
1.4754913827578642e-09,-2.0628813534110085e-09,-2.6447249603021687e-10
-2.4027415269188427e-09,-8.228778416637015e-10,2.28484600178212e-10
-1.294499146114274e-09,-1.4244839611116603e-09,1.672607965198375e-09
2.399030082365982e-09,5.730397328902198e-10,6.471322341161628e-10
2.330832407692241e-09,-1.7088337705893224e-10,-1.0200584094533641e-09
-6.739983458946976e-10,-3.900414686088286e-10,-2.4281873656076624e-09
-1.2630853625869865e-09,2.1274074155042017e-09,-6.174569258468427e-10
-1.11869040387797e-09,-4.175315073734083e-10,2.2531531729160876e-09
-1.4998286729404987e-09,1.3743825039681537e-09,1.537558676802863e-09
1.308952773141363e-09,1.7082280890705734e-09,-1.3678813667112487e-09
2.002915757908241e-09,-1.2045727111294833e-09,1.0197220456207773e-09
2.5154535974215882e-09,2.835120571404565e-10,3.075940712607744e-10
-1.4416124489028668e-09,2.0891387922223256e-09,-2.444435599481445e-10
2.518166340292764e-09,3.9075904945550594e-10,-9.298197613072813e-11
2.4000325014553544e-09,-4.910652869786126e-10,7.079540068977409e-10
1.6540226592295533e-09,1.600931562921041e-09,1.097145010287332e-09
8.119840102556061e-11,2.175740519212826e-09,-1.3274260855981379e-09
-1.7370506562914035e-09,7.677965906577442e-10,-1.701659017797617e-09
1.016956952761693e-09,1.6241564925666457e-09,-1.6823835008354258e-09
2.006560776623798e-09,8.809088013548384e-10,1.3039223647941938e-09
-4.4845881791837104e-11,2.5429947729489254e-09,1.8348414547517967e-10
-1.4297138899822224e-09,-2.0825471713409206e-09,3.4844722976633366e-10
2.4590861408205956e-09,-2.655055494217493e-10,-6.204048317432132e-10
-3.3323316906657326e-10,1.9436304972917073e-09,1.6167115218960488e-09
-1.1588405998232343e-09,1.2806904408378514e-09,-1.8760118493623316e-09
1.6962626762526597e-09,-6.840300623798642e-10,-1.7768781069372102e-09
3.7264062896267894e-10,2.520054623612322e-09,1.138580504683667e-10
-7.857714779360871e-10,-8.869019334259406e-12,-2.425898704595513e-09
1.6344072907803232e-10,-5.203411207088299e-10,-2.4909902139867837e-09
1.6310787568557568e-09,3.853150462560509e-10,1.92187783276216e-09
-8.902199285124544e-10,2.3707512862509284e-09,2.992437428232197e-10
1.455354888991125e-09,-1.4819921130579855e-09,1.4792368045460332e-09
3.39387420089557e-11,2.374698231349913e-09,9.285238132726829e-10
-2.072400057635135e-09,8.67988974280709e-12,1.485793613066075e-09
2.1240083231186284e-09,1.3269705518699119e-09,4.798310096199018e-10
2.03500471022631e-09,-8.737352715821479e-10,1.2640579514207417e-09
1.995199853248227e-09,1.552767847022894e-09,-3.325500847243037e-10
2.1659424099790556e-09,-4.914634196546096e-10,-1.2528596025874233e-09
1.525850852868412e-09,2.0421944145266383e-09,-6.100121373334681e-11
1.3655433037582368e-09,9.362943108772199e-11,2.151516910274058e-09
-1.909630603394689e-09,1.2870788429343162e-09,-1.0950977173975378e-09
-1.8825774192594653e-09,-1.2066497874854039e-09,1.2257236845455016e-09
-2.856901401687685e-10,-1.5310784988328016e-09,-2.0190789420481425e-09
-1.5993203244080771e-09,1.9038214653760607e-09,5.658076774917356e-10
1.3525005416926429e-09,-6.048532784374294e-10,-2.0754264131220365e-09
2.3030544982660227e-09,1.0843419751651077e-09,1.5047411375937707e-10
-2.0385530533346834e-09,-8.662967096674755e-10,-1.263460113956568e-09
-2.118565507217505e-09,1.3862863729367905e-09,3.039577007380997e-10
-2.0488273191878616e-09,6.616067600444463e-10,-1.3664124967274605e-09
3.5157049659570713e-10,1.710672394763927e-09,1.8580899180922593e-09
8.677032872710133e-11,1.347325037090036e-09,-2.1632582264914477e-09
-2.0625427692900633e-11,-5.378163065057112e-10,2.4925545555090744e-09
-2.526492254104194e-10,-4.68232369639304e-10,-2.4938778672824936e-09
1.5271894768904026e-09,1.4168516925697154e-09,1.4706201354998346e-09
-2.585180315294998e-10,-2.29212423321121e-09,1.0871223145994355e-09
1.0017938928394038e-09,-2.0269012706122995e-09,1.179228661227296e-09
-1.5808710060732658e-09,-1.5300646635256178e-09,-1.289282353709667e-09
2.8831697030548063e-10,9.734623493249902e-10,-2.3391760042973552e-09
-1.2405409351002339e-09,1.2368183821418327e-09,1.8530619196175546e-09
1.365942421029819e-09,-1.7994006476605633e-09,1.182733533654112e-09
-1.8885646950917826e-09,-1.6215055988419204e-09,-5.536632418512045e-10
1.0054474730273935e-09,2.1991923814131196e-10,2.3330689890524397e-09
1.2906280924405382e-09,5.160964062633569e-10,2.1378549123935767e-09
2.283902617433749e-09,-1.1195872402082191e-09,1.811442674837251e-10
-6.147003052924034e-10,-2.202431929814e-09,-1.1286882338401535e-09
-1.8485078700957316e-09,1.0374680725924608e-09,-1.4174549913649558e-09
-2.2021711093722123e-09,-1.2295633019894224e-09,3.7565475033230725e-10
5.093680938051612e-10,1.2663413474908111e-09,-2.1539321569279876e-09
-1.991298173277466e-09,1.192654063000186e-09,1.0558446245120424e-09
-1.213058471497963e-09,-1.748685477859293e-09,1.404666595406555e-09
-6.145973301672265e-10,2.3905731971929247e-09,6.402576907887275e-10
9.606693083162165e-11,-1.637308933612149e-09,1.9525600120647867e-09
-1.1186373346185e-09,2.047928772160562e-09,-1.0281722899176739e-09
2.8986025881590547e-10,-9.109380376820811e-10,-2.364037419725647e-09
9.139326343302763e-10,1.883534745993712e-09,1.4558585097943157e-09
9.758566515151574e-10,-5.939826072435782e-10,-2.27977815981857e-09
3.767583514757132e-10,2.310839438565308e-09,-1.0102347419112438e-09
1.0518752947442462e-09,2.056297776947705e-09,1.0806006740820735e-09
-7.34917304292434e-10,2.1442387820021253e-09,-1.1681766140483991e-09
-1.22637024320902e-09,6.112016715120612e-10,-2.150569353290498e-09
1.9010201949705956e-09,-1.698560636511852e-09,5.927885294445914e-11
1.0279130413377606e-10,2.5374349522913407e-09,-2.3099309661702103e-10
4.725198617460867e-10,-1.4649998165066957e-09,2.0329782384203743e-09
-5.296669737736679e-10,-7.948755042798616e-10,-2.364344693480475e-09
-1.4332118045077811e-09,-1.0123926101739572e-09,1.850260826555195e-09
-1.625167129855127e-11,-2.43718432768985e-09,7.499122855661045e-10
-1.6718476719551577e-09,1.8592139875603805e-09,-5.007481505087653e-10
-8.843922249496041e-10,1.458049044330158e-09,1.895901731835435e-09
-1.623164612228152e-09,-1.21486400440869e-09,1.5465904733969867e-09
7.938146779831974e-10,-1.6253312799249802e-09,1.7974027059943627e-09
1.7158753603625285e-09,3.68751003564346e-10,-1.84994444377961e-09
-4.5788461447395036e-10,-2.396011310013071e-09,7.429478327026004e-10
1.8556621300274762e-09,1.2592742396741233e-09,1.2137736397183162e-09
-5.979784384605138e-10,2.43163663919837e-09,-4.817312965174479e-10
1.7723243070484276e-09,-8.426935083638673e-10,1.628261097492263e-09
-1.5566513839561938e-10,-1.8446782298469437e-09,-1.7536905636448576e-09
-9.401516096545783e-10,1.061702213927218e-09,2.119293127390817e-09
-8.377071297261271e-10,-1.921438146075811e-09,1.4521784379375576e-09
-1.1453001626921861e-09,1.6111770142016763e-09,1.6108681405519892e-09
3.4298031587189274e-11,-9.344575027789566e-10,2.3723643945501627e-09
7.845689522942862e-10,2.4258539563556744e-09,4.673479998211308e-11
7.320858901725637e-10,1.0469748785536073e-09,2.2068968832022726e-09
-1.0992460513520998e-09,-1.2845114572090062e-09,-1.9089757554473057e-09
6.584163104357488e-10,-2.425824821840439e-09,4.293738416519801e-10
1.542236612446167e-11,-2.4413542108179857e-09,-7.362416505091337e-10
-1.2088317701628703e-09,-2.1142457289974857e-09,-7.557716248052662e-10
6.062086479837927e-10,-2.1940873605646575e-09,1.1493440430611182e-09
-1.0115533691767311e-09,2.240441939019019e-09,6.779968283051945e-10
-3.94818243328836e-10,-2.0541721168665154e-09,-1.458422253335045e-09
-1.5316105038604393e-09,1.188827921777737e-09,-1.6563083761383318e-09
1.588101274272528e-09,1.6919116282341996e-09,-1.0572934242204818e-09
2.4456196512928374e-09,1.7284066137992952e-10,7.011209788503335e-10
-1.425594189216615e-09,-1.8566743798560888e-09,-1.0114056826307782e-09
-1.95902200507476e-09,1.5575284954480336e-09,-4.887103124553988e-10
-1.979500551781949e-10,-2.2857047633015377e-09,-1.1130451521279863e-09
2.4776398243304556e-10,1.0338678550946042e-09,2.3178072109670813e-09
-1.3737972552600888e-09,1.7197891727808337e-09,1.2874417666930275e-09
7.379127292233986e-10,-1.930879325971057e-09,1.4932145969644255e-09
-9.642213203621877e-11,1.6791012046187622e-09,-1.9167216587447984e-09
-4.055643037244544e-10,-2.398671823982081e-09,-7.644547575749487e-10
1.0715052853793917e-09,-2.028207798442248e-10,2.305046670821962e-09
-1.480967384379128e-10,7.360294903000415e-10,2.436971059629702e-09
1.2031247218864892e-09,1.978799471368577e-09,-1.067400372726654e-09
-9.924203111176251e-10,-2.3161018991492825e-09,-3.9150213133300163e-10
-1.701748257065052e-09,-5.613947119322061e-10,1.8142185223921104e-09
6.498415479185726e-11,6.488547708040874e-10,-2.4652108522458606e-09
-1.8530587751815103e-09,2.9723299587665963e-10,1.726361990396274e-09
2.5236907375814587e-09,6.011191012107881e-11,-3.60377051582298e-10
1.5068222837942214e-09,2.030717892570811e-09,3.288942776241807e-10
1.0809193055021678e-09,-2.2918403996098313e-09,-2.8562394456515714e-10
2.2928954837482725e-09,9.590045444764478e-10,5.704739996531787e-10
5.229353357414882e-10,2.4780793566963306e-09,-2.969197476565655e-10
-2.4510696054341963e-09,6.89971545348454e-10,1.367371782878352e-10
-7.878351133828626e-10,1.8256855635979619e-09,1.5964611041271896e-09
-1.1849906761048015e-09,2.257684725637329e-09,3.401142702954742e-11
-5.498952040078385e-10,8.954785858248742e-10,2.3234098577173725e-09
1.9100267808351203e-09,1.4895940096669979e-09,7.971244462797663e-10
3.358123415110909e-10,-2.065870149911834e-09,1.4566779311131527e-09
2.53290176162214e-10,-1.872395367607603e-09,-1.712448444193665e-09
2.0238355413810433e-09,3.155922035465837e-10,-1.5188782908789996e-09
1.5863459164250108e-09,-1.8164894913080348e-09,8.284760475772197e-10
-5.776011062652677e-10,1.037844974996402e-09,-2.256491695069108e-09
1.3178041910046398e-10,-1.578836565394655e-09,-1.9981013540144845e-09
-3.319490585079055e-10,2.18663228546321e-09,-1.2692316852039483e-09
-8.694086279097659e-10,2.555844960918586e-10,2.3835488673558864e-09
-6.454218825011026e-10,-2.438005333026657e-09,3.7690925926847446e-10
1.6461368161883207e-09,1.397340348914928e-09,-1.3565299597442317e-09
-1.044705877333835e-09,-2.2936498068068128e-09,3.8763409757039316e-10
-1.052830770199825e-10,-1.88245407850495e-09,1.7169106313414466e-09
2.2723388167226792e-10,-2.301489846482167e-09,-1.074248225299742e-09
6.650899989651235e-10,-1.8386531377595825e-09,-1.6369208692797016e-09
-5.204434387857528e-10,4.945805098468539e-10,2.4468405641366353e-09
1.6141806526965473e-09,-1.971900820147955e-09,9.234704088366977e-11
1.0663647694192065e-09,2.197073070974706e-09,-7.336457587550661e-10
-2.2633070472106506e-09,-5.454562646699581e-10,-1.040393518520229e-09
-2.5194764820975978e-09,2.909901035614038e-10,2.6469419295942093e-10
-1.8692948735049812e-09,1.7073911974281811e-09,3.0504421783203473e-10
1.9251877455311184e-09,1.032630590740123e-09,-1.3152285761511246e-09
1.1552610351522293e-09,-1.3967915762322174e-09,1.7935565876842912e-09
6.335397064594176e-10,2.4281131689256475e-09,4.532040150188049e-10
-2.105492235221977e-09,4.12224174973606e-10,1.3782139445627782e-09
5.554100317536833e-10,1.3786251868537039e-09,2.0720550887464266e-09
2.427060872016312e-09,1.5940493019445605e-10,-7.658104150226205e-10
6.653264067885666e-10,2.363847472255863e-09,-6.870705206449926e-10
4.461719824852627e-10,-1.0994121943156615e-09,2.257149394487479e-09
-1.5658418046552298e-09,-1.5356272823849816e-09,1.3009566835175451e-09
7.473027626225707e-10,-4.763305756598363e-10,2.3910557843070583e-09
-1.5689613705814478e-09,2.0050720551159527e-09,1.433397063491993e-10
2.0621584276721738e-11,-2.5498398840888533e-09,1.9781702951504413e-11
6.701369642966882e-10,2.1579661609704586e-09,1.1817776851801024e-09
-1.794005392505739e-10,2.47907844325458e-09,-5.696363038878849e-10
-8.176543400492308e-10,-2.4153488857364197e-09,-5.580355767466884e-12
7.677076138477114e-11,-1.3034245381270555e-09,2.190363148796262e-09
-2.302944379307882e-09,-5.906873596241822e-10,9.219737680620024e-10
-1.3921380625024846e-09,1.7525188441420276e-09,-1.2219367069774606e-09
2.495718069996775e-09,-4.70213479790353e-10,2.2976204759494494e-10
1.8537998156051604e-09,-1.2071602533314272e-09,-1.2683415811362008e-09
-2.504696454789265e-09,6.802844197954607e-11,-4.736747834199372e-10
-4.618715299162733e-10,2.3460409761972763e-09,-8.861525985157036e-10
1.648763010570885e-09,-1.1128361262637484e-09,-1.5955175621269506e-09
2.4142570879244475e-09,-6.824548345709093e-10,-4.561996407027958e-10
-1.2716049439538354e-09,8.305995517212147e-10,2.048322545692617e-09
-9.08139211194184e-10,6.69769029366798e-10,2.2867427971664547e-09
-8.148256814971027e-10,-1.767851797206912e-10,2.409835286695733e-09
2.1499717297665115e-09,9.770870267198209e-10,-9.619888270768093e-10
2.3145391244352212e-09,8.989839599840149e-10,-5.807206567275708e-10
-3.170237957606709e-10,2.5251295718289368e-09,-1.603638313227363e-10
-1.0223774704619262e-09,-2.053727556047087e-09,-1.1133047352026894e-09
-1.263555261237148e-09,2.0183624315753278e-09,9.122177353051471e-10
1.2370234244326461e-09,-1.773036871274369e-09,-1.3522622898337906e-09
2.016895577058041e-09,-5.191978477205227e-10,1.4714162654280028e-09
-1.792759644960972e-09,-1.1605810681409718e-10,1.8097080900637367e-09
-7.577688625980581e-10,-6.177939457210721e-10,2.3551256848642357e-09
4.4211691462395416e-10,-1.6713723443773684e-10,-2.5058127980094404e-09
-2.444066234755323e-09,2.0066962921121949e-10,6.991222640147931e-10
1.124111275722213e-09,8.193924820555687e-10,-2.1371639619236035e-09
1.4340317777200319e-09,-1.8571823713322186e-09,-9.984620674326907e-10
2.301997128695181e-09,3.073117751807685e-10,1.053028343547499e-09
-1.018254135892337e-09,2.311660119636514e-09,-3.4912176388797063e-10
-2.444549271435951e-09,-5.088576231072969e-10,5.174386716583474e-10
1.934468085905921e-09,2.41107531980791e-10,1.6438370912695736e-09
1.6484896206720875e-09,1.0666512057938137e-09,-1.627033243580168e-09
-1.8067061018100667e-09,-8.697224820813541e-10,1.5754033978141986e-09
-2.1870182615072363e-09,2.645108988385301e-10,-1.284322820878575e-09
2.1846274170455414e-09,-1.1543283764499897e-09,6.304197395507659e-10
1.3293765421151806e-09,4.498294756843878e-10,-2.1290635152759993e-09
1.8243042423758485e-09,1.7816756561125281e-09,6.774043509867017e-12
1.4990461410243375e-09,7.651779075969667e-11,-2.061432922696564e-09
-1.8381849863823995e-09,-1.7576292810885798e-09,-1.8524380178127626e-10
-5.211610810492222e-10,1.6581069320801375e-09,1.8658972451309853e-09
-1.725211289272428e-09,1.4640113129359076e-09,1.1759323462523884e-09
4.5673842005522404e-10,2.3567602827572552e-09,8.599831308016463e-10
2.515068858268307e-09,-3.689649746905585e-10,-2.0197397263150211e-10
-2.3149622496576187e-09,9.80452753347243e-10,4.2680461702510657e-10
-2.1164276857974023e-09,-1.3926781248695844e-09,-2.892775333481508e-10
-2.9665019904399497e-10,-1.54345434324287e-09,2.008045654294713e-09
1.940042609987628e-09,-3.9221313863833225e-10,-1.607763516600579e-09
-7.386228901974886e-10,2.4394133123178895e-09,-7.873320622565044e-11
-2.3018803475460856e-09,1.0967780424527888e-09,3.0410379388295137e-11
-8.064085246668663e-10,-1.9391146677665394e-09,-1.446388466698097e-09
7.121991967273106e-10,1.5255656044639703e-09,-1.9151819471416954e-09
-7.057539961465829e-10,-1.0365568643303168e-09,2.2203515856577376e-09
5.531565533872888e-10,-1.5843845994611252e-09,-1.91995918405447e-09
-1.8096799939755866e-09,1.7928654659538691e-09,-1.1485530198704894e-10
2.126260494964138e-09,-1.404508218889213e-09,-9.41964470004667e-11
-2.2016153473073748e-09,-9.342123367767066e-10,-8.846678316265568e-10
-5.036337783395051e-10,1.6798270056478714e-09,-1.8512250669250297e-09
1.2191355614942785e-09,-1.315042540508745e-09,-1.8129731380669533e-09
-1.0338577197629798e-09,1.9497759004303637e-09,1.2775023105213764e-09
-5.662032488843144e-10,-1.7617224227929923e-09,-1.754493655155594e-09
-3.7109389670419285e-10,-7.899580575891895e-10,2.395987392929857e-09
-1.6314937248532312e-10,1.104934596094262e-09,2.2923790743704796e-09
1.6721765123272555e-10,1.3978591896052207e-09,2.126153320706775e-09
2.2387332528470986e-09,1.1922494531022138e-09,-2.628966796559451e-10
-3.3971326450965486e-10,1.3745358214875833e-09,-2.120789044993313e-09
-2.2388208623555552e-09,8.784347474219156e-10,8.476635776080761e-10
-1.5798967078763258e-09,4.762810929313551e-10,-1.94411489191294e-09
1.772419776857131e-09,-1.7751071152419573e-09,4.5828251551100414e-10
-2.287077115970092e-09,-1.0296551521367689e-09,-4.5998753600954784e-10
-2.3876344429538015e-09,-6.423584748937012e-10,-6.237606564644234e-10
-8.090872318014505e-11,-1.230397859993186e-10,2.5457444863093785e-09
2.1041188086091622e-09,1.2823675319027989e-09,-6.562907529279107e-10
2.243052499908735e-09,-1.0003202070195731e-09,-6.859846689842945e-10
-1.0172001915887368e-09,1.8702575309871806e-09,-1.4035457021478047e-09
1.1640111577967877e-09,-1.020525337235417e-09,2.0263528963596454e-09
-5.349189236164065e-10,-1.76871428642421e-09,1.7572738882018256e-09
1.1899379852197446e-09,2.2553192256375186e-09,9.098450470237648e-12
5.780286262782038e-10,-5.680870170629636e-10,-2.4177799834243472e-09
-2.1664900384518228e-10,-2.5115980449659638e-09,3.839771733528445e-10
1.0961074120570637e-09,1.4331826077442353e-10,-2.2979356860804788e-09
-1.2793876202688974e-09,1.5439498132471101e-09,-1.5754003590442976e-09
-1.5626185503200327e-09,9.839844123735831e-10,1.7585499544799788e-09
1.2628514464169713e-09,2.117945815755881e-09,6.496243112790023e-10
-2.4075900283481094e-09,-1.9449311903004091e-10,8.174244197775815e-10
1.6559241779213355e-09,-1.5518883292765298e-09,-1.1627801728748432e-09
1.0623490028142013e-09,-2.2716995536920836e-09,4.618395110586145e-10
4.325079992285951e-10,-2.3909433943359443e-09,7.738388176387837e-10
-1.8750131141694938e-09,1.5687845349061494e-09,7.250799298916726e-10
-9.756874332287935e-10,-1.6331440948309596e-09,-1.69805017539476e-09
1.8840367409581146e-09,1.6757365711882483e-09,3.805423796401395e-10
