-2.127483335304932e-09,1.4023273444770357e-09,9.895795537392647e-11
-1.928838139216092e-09,1.606318777736208e-09,4.492476121221552e-10
1.0278177558465405e-09,-1.798456982531014e-09,-1.4871594207589251e-09
-1.4688975742344452e-09,-1.7780378972116953e-09,-1.0878516224592294e-09
1.8086211137584344e-09,1.5804416890855827e-09,8.565008664721312e-10
-1.4491568176098723e-09,-1.3436594070008273e-09,1.6115284409382952e-09
-7.230682283067405e-10,2.487468585447673e-10,2.432652325667904e-09
3.205165926910281e-10,-1.2227405164343779e-09,-2.2146500272683096e-09
-2.411844090528539e-09,-4.843161669058149e-10,6.71525080288311e-10
-2.057286669451103e-10,-2.1086569777547136e-09,1.419063587639168e-09
-2.524668728934042e-09,3.428029603520705e-10,-1.0504256050013837e-10
1.2896334936788463e-09,-1.566744936461975e-09,1.5442330640329054e-09
1.3869913940691434e-09,-6.42422490088206e-11,2.1388379569804777e-09
-2.290415770066052e-09,-8.948199280548289e-10,6.751243563882763e-10
-1.7370342023504704e-09,-1.8400353995568775e-09,3.15407527244086e-10
-1.9292756595917097e-09,1.4381480696013431e-09,8.438753220760178e-10
-1.756197824090676e-09,1.8113157505092113e-09,-3.706810685972875e-10
-2.115038290941694e-09,-7.428414210730057e-10,-1.2154421627492917e-09
2.534557190323947e-09,2.7780854477501316e-10,3.6636886155469554e-11
-2.0700156381299257e-09,-1.0738884086948428e-09,1.031648653160763e-09
1.947718120643147e-09,1.5966033458696358e-09,-3.9968972775918564e-10
2.253478953001037e-09,5.487795026485581e-10,1.0597988799079534e-09
-1.172531674794243e-09,2.2587081124690187e-09,-1.6095693296920214e-10
-1.9472495436667997e-09,-1.1130789414143472e-09,-1.2131671298173872e-09
4.4505299068656674e-10,6.540324368762516e-10,-2.424184276616498e-09
-2.2860404943311185e-09,6.696704967885533e-10,-9.099781777654373e-10
1.595327274887742e-10,-2.5175831224797334e-09,-3.7259164009031315e-10
1.6777174880336364e-09,-7.178415638447674e-10,-1.7811421952115457e-09
1.5739818299444754e-09,9.391312231685998e-10,1.7728828908516464e-09
1.7981345756791042e-09,-1.8020869951466021e-09,-1.4729056205615496e-10
-8.686014408300319e-10,-1.2025754521667198e-09,2.0740886718831485e-09
7.693183501646624e-10,2.015735261947785e-09,1.3592132392822757e-09
-1.5362057295273089e-09,-5.990852214668216e-11,-2.0344490471726415e-09
1.9221325630216694e-09,-1.245250403253036e-09,-1.121275097097006e-09
2.5323827213036156e-09,-1.194435709431479e-10,2.743555835102394e-10
-1.3226777142995456e-09,-2.15667594321456e-09,-3.190180873475963e-10
1.747869296693073e-09,8.486157459035135e-10,-1.6514551878516979e-09
1.3330914835215907e-09,-8.101767864004549e-10,-2.017171453134323e-09
1.8041251756871035e-09,-1.5266641242670124e-09,9.57564098182473e-10
1.3671555819501139e-09,2.152286081900489e-09,-3.240735101929927e-11
1.6610182207106743e-09,3.641784373759123e-11,-1.934474660243615e-09
-1.5923899610485703e-09,-1.836951926166536e-09,7.696764468949179e-10
-6.583641344572097e-10,-2.4029329134432456e-09,-5.43111480224424e-10
1.503714680500344e-09,-4.6209373304647e-10,2.0069408415613366e-09
-1.953203354528759e-09,2.383057473512486e-10,1.6219454450248837e-09
-1.8495571664171797e-09,-1.4538352959082884e-09,9.838705303677475e-10
-2.422087968310549e-09,-7.36883975717844e-10,3.049457002411102e-10
-1.354621688118136e-09,2.0611128757168238e-09,6.475444352585356e-10
3.83972996063087e-10,1.0635934528260503e-09,-2.285570761407289e-09
-2.445126232986072e-09,5.390901920257926e-10,-4.829487235979972e-10
-3.2360250772880783e-10,-1.4735244670614607e-09,-2.055847042453029e-09
2.378299336947823e-09,-8.780623232339324e-10,2.7422403321112385e-10
-1.6737563560719866e-09,-1.1583055714819623e-09,-1.536023392915118e-09
2.3137537442741927e-09,9.852933534227723e-10,4.2218552622995133e-10
9.011111137408025e-10,-1.5396740353258614e-09,-1.8220599950704668e-09
-1.2193187482834928e-09,-1.6838596607067282e-09,1.47661045409038e-09
1.8050391876671918e-09,-1.6995295843539981e-09,-5.966009745980076e-10
-3.9821152980385516e-10,9.601703971332037e-10,-2.3285189254116744e-09
5.720597567576283e-10,1.905459035324681e-09,-1.5951405892265235e-09
1.417250246499232e-09,-2.0683517138852357e-09,4.645674616951487e-10
7.401100214050185e-10,-2.063931590131939e-09,-1.3018922948813043e-09
-1.1101909982679212e-09,2.913770568793836e-10,2.2770760545245706e-09
5.48496604754455e-10,2.3883668257548324e-09,7.052342732784759e-10
1.6810565290241562e-09,1.909296719640068e-09,-1.7645107706368152e-10
3.9911302327218867e-10,-1.2993947794553218e-09,2.15749438047444e-09
2.120674121510554e-10,-1.8338178937552977e-09,-1.7591587038259055e-09
7.306180639562024e-10,-3.19298407445274e-10,2.4221366129150937e-09
-2.2085255450463402e-09,-1.1771216545095367e-09,-4.891825092565129e-10
-3.991022592234195e-10,2.4680775006477573e-09,-5.018075701691658e-10
-5.707183397526383e-10,2.1426883261647563e-10,-2.4760592569724915e-09
1.2773136966245854e-09,-1.4824193245509414e-09,-1.635054331394883e-09
4.858362304755622e-10,-2.410508696400944e-09,-6.752118050898682e-10
-6.885920114467894e-10,2.336501305791649e-09,-7.543889512748608e-10
1.8001656608179065e-10,-9.626128901109023e-10,2.3544575722931294e-09
-2.510945975655648e-09,8.283773614898915e-11,-4.3679310526657604e-10
-5.34683600065807e-10,-2.4895021363892588e-09,-1.378134998248938e-10
6.062795413669327e-10,-9.857501211185163e-10,2.272272390457344e-09
2.4597526527059348e-09,6.378433507398505e-10,-2.1277393501808316e-10
2.4593645639132464e-09,6.321508828646044e-10,2.3326209092201266e-10
3.3405595453431107e-10,-2.084484501764781e-09,-1.4303254808408476e-09
6.742887152586459e-10,-2.033693976008097e-09,1.38272323348645e-09
-1.8801020689310317e-09,-1.6081354033105038e-09,6.177513537181599e-10
2.363522122722078e-09,-7.869688187756784e-10,-5.449249982136392e-10
5.571035886545313e-10,-2.4751399029179782e-09,-2.565502923237947e-10
-1.1026675660693624e-09,6.761356222197744e-10,-2.1976043454416782e-09
1.1513746193424036e-09,2.0484568966015653e-09,-9.90283206310003e-10
4.150599068931698e-10,-2.27888950889369e-09,-1.0662494454601656e-09
-3.581111613070991e-10,-8.630313845607822e-10,-2.372642667029821e-09
-6.534873887336466e-10,-1.5535718531883706e-09,1.913600984987971e-09
-1.5673018474749172e-09,1.3980358019432745e-09,-1.4462229480223777e-09
-1.4546842172045859e-09,7.142912244940033e-10,-1.968802142122651e-09
2.2235429390678057e-09,-5.166194192909441e-10,-1.1364247329819922e-09
2.6256834918420837e-10,2.5363539689116954e-09,2.159644397978128e-11
-9.78891925223362e-10,2.2996440023323182e-09,5.058735625326692e-10
1.942325275637592e-09,-1.5554173983729773e-09,5.572694504976845e-10
-9.70139880558372e-10,2.706444768095398e-10,-2.3426651872008258e-09
1.627540496350051e-09,-1.8248136397737668e-09,7.236484732494405e-10
-7.398571685071513e-10,-2.2550706670774287e-09,-9.326133479076648e-10
-1.6509111957637622e-09,-9.786001947265575e-10,1.6790872170864174e-09
1.3638250545589339e-09,1.4780728550876361e-09,-1.56773143605989e-09
-1.0753011443448703e-09,1.0217023422597859e-09,2.0742111205929545e-09
2.2412544465106954e-09,-1.2162544519266645e-09,-1.9010956326679727e-12
-2.291692626622402e-13,-2.2922320814605443e-09,1.117216197611058e-09
1.0225198103515135e-10,-1.7355071367365489e-10,-2.5420316052633476e-09
8.189350600154461e-10,-2.231821568401911e-09,-9.223978828539948e-10
1.5948801303081655e-09,-8.162603181293744e-10,1.81454580074341e-09
2.311628703829704e-09,9.807491906674004e-10,-4.438510568150541e-10
-1.2671683911834996e-09,1.6899948131484099e-09,-1.4285313436942476e-09
1.0053353862715135e-09,2.337866431901828e-09,1.618063895429473e-10
-1.2103009572657973e-09,-2.0887433566759785e-09,8.214759782144944e-10
1.9446807783785638e-10,-2.418118477434206e-09,7.857386307121017e-10
1.8947999239850615e-09,-8.488851794622403e-10,1.4804145365928983e-09
-1.358864067346629e-09,1.8840051369638764e-09,1.0519092595694278e-09
3.7606021009434517e-10,2.3793334706344896e-09,-8.365709497121163e-10
2.3509752739943893e-09,9.87629254515882e-10,-1.92787224911564e-12
3.1626357740466476e-10,1.430282029121471e-09,-2.0872878734806494e-09
1.960315846225713e-09,1.2487024733130443e-09,1.0490013899791794e-09
9.728387451805893e-10,1.7156986037583679e-09,-1.6163115655519646e-09
-2.4863101119752975e-09,-3.7736093138912156e-10,-4.2232778093622836e-10
-3.042529051574063e-10,1.8490814405990953e-09,1.7294010511547786e-09
-2.098482813199764e-09,9.760118942591554e-13,-1.4487473658667988e-09
-2.2259384608215014e-10,2.470129516864081e-09,5.928002611362278e-10
-2.4247086348470078e-09,-1.819705688892322e-10,-7.682283177262399e-10
-5.693095690997539e-10,-1.5614233565114218e-10,2.4807269469953477e-09
1.6068854575924597e-09,-1.4723130960790553e-09,1.32390077924744e-09
2.413912243938627e-10,-2.0949182872338523e-09,1.4337181196451472e-09
-3.7195550234116354e-10,2.1296693894560553e-09,1.3522785940374877e-09
-1.5588728740371108e-09,-8.118657537977621e-10,-1.8475089608447562e-09
-1.0895056969096198e-10,-1.1830642322612358e-09,-2.2563219618902235e-09
-1.1874883708210382e-09,-9.259930261046523e-11,-2.254727641716589e-09
-1.2737257649629536e-09,-1.1044862888641483e-09,1.913173466620484e-09
-2.302546425519123e-09,3.025222066057602e-11,-1.0953833856117283e-09
-5.655724362081048e-10,2.4618734483119177e-09,3.4900851550988935e-10
1.446275213103468e-09,7.549532760459541e-10,-1.9598044695708803e-09
2.065374807245199e-09,-8.721067414576918e-10,-1.2149719079472186e-09
-1.0253080799083715e-09,1.9335048298478896e-09,1.3087407742671933e-09
-8.091750951513891e-10,-2.411242937664697e-09,1.8342072115457531e-10
1.1229738699409182e-09,-1.1950686763549405e-09,-1.9527520442250647e-09
-1.0247672117863616e-09,-2.2785465878213217e-09,5.104680291413166e-10
7.37503081381573e-12,-1.8840219459667526e-09,1.718402431340269e-09
1.2553996480509374e-09,-2.0424499410705833e-09,8.688325281055913e-10
6.242378281728403e-10,7.897399664173554e-10,2.3428909320156516e-09
1.6195463460901221e-09,1.5498370685864266e-09,-1.2155553026092923e-09
-2.030584750351695e-09,1.5090484842022683e-09,-3.193716392636952e-10
8.705806194102793e-10,2.0049832783015554e-09,-1.313252237324712e-09
2.5023289604774374e-09,-4.843364509936834e-10,7.917054878394655e-11
1.152612010808751e-09,-4.774489219458415e-10,-2.223966744237009e-09
-8.854368439234804e-10,2.389361013375234e-09,9.723961736505261e-11
-2.4681318683522857e-09,-5.2512117990527634e-11,6.388016577060562e-10
1.726066320866e-09,-1.5841086316278347e-09,-1.006873824853095e-09
2.0266921758407294e-09,-1.3627307234604667e-09,-7.334737893905156e-10
-9.292216602299214e-10,1.9422978452322723e-09,-1.3662086907078368e-09
-1.8603453421572587e-09,-7.904992950388322e-10,-1.5545822823050898e-09
1.7349132190121063e-09,-1.295255662673329e-10,1.864349551500517e-09
1.098634908238246e-09,6.290845967384085e-10,-2.213538775026725e-09
1.6190854279035727e-09,-1.3861225580828685e-09,-1.3999023648541025e-09
-1.5937024900602468e-09,1.652800938490243e-09,-1.1094419457103392e-09
-2.4062434307353403e-09,2.837429527416756e-10,-7.949732629544557e-10
1.4111042339330659e-11,-5.880018806501702e-10,2.4812405499741376e-09
6.291849143481184e-10,-1.8370738070855496e-09,-1.6528115956989645e-09
-1.7634972155947801e-09,9.89977744053278e-10,1.553229421839749e-09
3.1910631302771844e-10,-2.529395745681891e-09,5.318197732510664e-11
-1.669916890621465e-09,5.991211310957599e-10,1.8316471954750666e-09
-9.015313342804914e-10,6.501602993041375e-10,2.2950017077377504e-09
4.5741494630359356e-10,-1.8356885074251556e-09,1.7098301876517696e-09
-2.04841987790551e-09,-1.4966788511886218e-09,2.577371145300615e-10
9.252245591180363e-10,-1.1364706465758856e-09,2.0868382746816352e-09
1.2491848483935724e-09,2.0685472969353622e-09,8.143397908031599e-10
1.7564000218889115e-09,5.916696773793886e-10,1.7514239795030794e-09
-1.1993217782030664e-09,-8.541821633528414e-10,-2.08194622988628e-09
2.022232374124209e-12,-2.2704138204439183e-09,-1.1609121390154705e-09
1.4269547276463644e-09,3.5268055038293834e-10,-2.0837266218554865e-09
2.446987982781356e-09,-5.16019943204365e-10,4.98470892168232e-10
1.3209177855956778e-09,1.636803942004114e-09,1.4417173991933387e-09
2.038495975141798e-10,-1.6107322954691064e-09,1.9663384281262803e-09
1.8074493142148887e-09,1.0459781297312516e-09,1.463405866008484e-09
-1.974917569193816e-09,-1.5484230082271293e-09,-4.523127043124446e-10
-1.8734333165854105e-09,1.3530890207980873e-09,-1.0779135912045378e-09
-5.977838320244949e-10,-5.255323734911943e-10,-2.422595759631149e-09
1.319652795926114e-09,2.1457284790690827e-09,3.960628640964347e-10
-3.230713703961789e-11,-1.3001809234543033e-09,2.1933959549479023e-09
-1.4137957802442402e-09,-2.076008409544073e-09,4.4030736453739723e-10
-4.088106505134505e-10,-2.501130173667923e-09,2.823503256499543e-10
5.415430042900387e-10,-8.843638308498606e-10,-2.3296205247183667e-09
-2.494480184136822e-10,-2.4946554732609313e-09,-4.658001243438719e-10
1.2389423843608961e-09,-2.2121742942873823e-09,-2.716738116349451e-10
1.4849611408914167e-09,1.8520810186369605e-09,-9.312283879087562e-10
-1.7419555490213761e-09,-1.691716231542486e-09,-7.785801546207849e-10
-2.3281221363396067e-09,1.0256764311689025e-09,1.7416996535031523e-10
-2.485615050389468e-09,-5.657448817780758e-10,-6.442476246968498e-11
1.325755558856216e-09,-8.059745697929574e-11,-2.1767811667896968e-09
-2.546286615321792e-09,-1.1619475765838841e-10,-7.364272486675074e-11
-1.8159340563695507e-09,-5.971530388022905e-10,1.6876882861377037e-09
-6.187096851796026e-10,-2.0762472449769264e-09,1.3449519334127449e-09
6.143621625232933e-10,2.4565344054491194e-09,3.008286025371314e-10
2.1988131765086876e-09,-9.675618288248468e-10,-8.553038771178892e-10
-1.5578449820125312e-09,2.018719271945955e-09,-1.9786689778004843e-11
2.1908348529714555e-09,-1.2358832895330245e-09,4.1873039256611376e-10
2.2303370465708254e-09,-1.1592126872556465e-09,-4.2932808480143783e-10
2.014150534587525e-09,5.774862899200265e-10,1.4533434587100157e-09
2.13720028959635e-09,-8.6559063034798e-10,1.0888653648652174e-09
3.09439529347693e-10,1.5006372637520287e-09,2.0383412325506008e-09
-2.1924222624759326e-09,-9.775051597365124e-10,-8.603884504620044e-10
1.42934056300015e-09,1.132748324515929e-09,-1.7822364568902662e-09
9.527851507406704e-10,-8.687321111226083e-10,-2.2000011308252857e-09
3.860760250021813e-10,2.049737506486166e-09,1.466976979172608e-09
-2.3385834559859714e-09,-5.895424348570602e-10,-8.282313305420892e-10
1.7952943395644793e-09,-1.0154204393149864e-09,-1.4994464197660084e-09
-2.0972112874068572e-09,1.2856345201085727e-09,-6.718249003114387e-10
7.563584405720794e-10,-2.419527700653331e-09,2.762383303355566e-10
-1.0411340877320138e-09,2.1457045052028105e-09,9.024920984223572e-10
2.3910708812478494e-09,5.963459716782581e-10,6.554780872857199e-10
2.1787502034942626e-09,2.0591076034551811e-10,1.3088729157361456e-09
2.3815827721714497e-09,-4.702998307334852e-10,-7.80628957000832e-10
9.484098575948026e-10,2.2969304450685485e-09,5.719521593054846e-10
-1.585075852384939e-09,-1.5493872357174863e-09,1.2607274630077215e-09
1.7386998547592492e-09,4.550525446351982e-10,-1.8089637908706732e-09
1.1073845065579721e-10,-8.646414853751772e-10,-2.3963789552811884e-09
1.5888788414288881e-09,1.886746578785798e-09,6.466462515933118e-10
2.3226240429078097e-09,-5.161356158767003e-10,9.173448540925933e-10
-3.0523606243521817e-10,2.348219142922649e-09,-9.461489327799635e-10
-1.0616198200223524e-09,-8.307199629302819e-10,2.164571020069524e-09
9.009591096966941e-10,-2.3838024955929607e-09,-9.087543485074782e-11
2.54384186322685e-09,-8.056003095219116e-11,-1.577296938040876e-10
1.0290348531288555e-09,7.239602014817249e-10,2.2179875783503873e-09
-6.847196977582197e-10,-1.547781836422776e-09,-1.9073621371783678e-09
-5.919859218742014e-10,2.1744253551200417e-09,-1.1932841419015977e-09
2.2818741122415205e-09,-1.573402992212022e-10,1.1272952435466739e-09
-1.874336915137603e-09,1.2323160598674761e-09,1.212748224960628e-09
1.5942071400117587e-09,2.60252744129786e-10,1.9731376292363506e-09
-3.0372921089603894e-10,2.334025786030423e-09,9.81107637618593e-10
-2.3017936698122467e-09,9.29631672003488e-10,-5.831216477033487e-10
-1.0184298317774222e-09,-4.901338456129408e-10,-2.285841090524554e-09
-8.098033759178677e-10,-2.045268336937826e-09,-1.2898046062375509e-09
1.0780029119840224e-09,2.398600399687581e-10,-2.298450974674064e-09
-1.635785301517973e-09,1.5750892099537784e-09,1.1600863881732853e-09
6.562387276096526e-10,-2.349096685381393e-09,7.440399822021796e-10
-3.723542775936416e-10,-1.8760124841089543e-10,-2.5156824250195795e-09
-1.0600006523605465e-09,-1.46327301806468e-09,1.7993695261393917e-09
-1.115593481009705e-09,-1.494381684057249e-09,-1.7391879045930806e-09
4.4896655883620054e-10,-2.2563215877335956e-09,1.0999736004896334e-09
6.53859367545575e-10,-1.515943674383343e-09,1.9434203620344286e-09
2.119654443784262e-09,-5.171537046598744e-10,1.3198928307639973e-09
1.139984585608404e-09,1.9346279985404768e-09,1.2083665221440493e-09
1.0417396478144687e-09,2.3140381382421837e-09,-2.500120015759985e-10
1.6868711467077528e-10,2.047826753278336e-09,-1.5101159710106898e-09
-1.1779367404638512e-09,1.0545615827082234e-09,-2.0007160977363397e-09
-2.1768010391307153e-09,4.167784535719387e-10,1.2610840402913762e-09
-1.7994547025564131e-09,-1.1999126618628636e-09,1.350804344584658e-09
5.674855152190089e-10,1.7788660533526743e-09,1.7366910359203496e-09
5.501438019441791e-10,-1.387680686727106e-10,-2.4860782812090307e-09
1.2284432252762479e-09,1.0431491199695104e-09,1.97617487985748e-09
1.1874797615839932e-10,1.479866296287554e-10,2.542931158252108e-09
7.225450218130754e-10,3.438189659321383e-10,-2.4212016046001825e-09
1.3177918456151245e-09,-1.1571072068373175e-09,1.8512232613910796e-09
-1.2249469121768588e-09,-4.493230862105276e-10,2.190916207103007e-09
-3.285001966252799e-10,5.686218254746105e-10,-2.4639920536420313e-09
-1.081371113565597e-10,1.57531486283671e-09,-2.0022960440637185e-09
1.5424640537196296e-10,1.7953797364084196e-09,1.8042504395243647e-09
-3.35667845227112e-10,-2.375145574990485e-09,-8.651650682290085e-10
-5.17488693715147e-10,1.6481391843612338e-09,-1.875724574891015e-09
-2.3411818096372077e-09,8.4381434630266e-10,5.561879926766358e-10
-4.6278277517241487e-10,1.3209011243678144e-09,-2.13156100608159e-09
-2.0698036511297053e-09,8.57991575454812e-10,1.2174823621797195e-09
2.046594861486128e-09,-1.573762211224199e-10,1.5130043615151294e-09
1.3356258408516434e-10,2.4105912393327794e-09,8.207989479674961e-10
1.9896865045280812e-10,2.5060496791466204e-09,4.2734819735914506e-10
-4.1755702610357716e-10,1.2929380890727932e-09,2.157882579700835e-09
1.508609196969092e-09,-2.0558017245552515e-09,1.6660136131725777e-11
8.677941004354141e-10,2.192643420099143e-09,9.704371342572503e-10
-5.818408512526743e-10,1.6112937855035188e-09,1.8888339155710075e-09
1.9726399460197764e-09,-5.868138070402523e-10,-1.50560326754229e-09
-1.2625103804989652e-11,2.043184977841416e-09,1.5256918932330628e-09
-1.7100225312650989e-09,7.237895437655229e-11,1.890260360249101e-09
1.831222585570959e-09,1.5610738427993606e-09,-8.439030154125819e-10
-1.6757457739151047e-09,-1.8813606677158426e-09,-3.935201890341421e-10
-1.6370620366654584e-10,1.877630552075154e-09,-1.7176157279190943e-09
-4.4653702040124806e-11,1.2395083651778805e-09,-2.2280316558676114e-09
1.3781763657608913e-09,2.091547767693961e-09,-4.780772325812117e-10
9.86664389643435e-10,-2.874542097199177e-12,2.3513794077556434e-09
-2.1742196745569446e-09,-1.8625196473003032e-12,1.3323908352244318e-09
-4.1015439761387994e-10,-2.1911023334697243e-09,-1.2382826552857486e-09
-9.649523855012913e-10,-1.2151902784864551e-09,-2.0235314380526387e-09
-1.553528187132579e-09,-2.0221396160811187e-09,-1.242923919178622e-12
1.1049384740881273e-09,1.4061586536969146e-09,1.817781287480175e-09
-5.03996834689533e-10,2.4983011537157965e-09,-8.353763203042801e-11
-2.3265863131113243e-09,-2.464892517974423e-10,1.014267803093144e-09
-8.251530574091808e-10,-5.076576463305577e-10,2.358793366526708e-09
-2.3533656344908168e-09,1.8503102513707608e-10,9.643307057925518e-10
1.4656572166841296e-09,1.302654347782604e-09,1.6301658116231024e-09
6.573618901016512e-10,1.5911426226213155e-09,-1.8811274544590926e-09
2.176410413820709e-09,1.3127964655048828e-09,-2.05677297654985e-10
2.389622982700708e-09,2.656963293671024e-10,-8.494748148764736e-10
-6.835763929495763e-10,1.9123571652031066e-09,1.5421132862725696e-09
-8.345678675989213e-10,-1.7980256854017709e-09,1.604088560213208e-09
3.770705622425011e-10,4.73031338908283e-10,2.477207933036862e-09
-8.126011816483146e-10,-8.56979664793593e-10,-2.2600365425616517e-09
2.100902291076373e-09,1.2889566873879638e-09,-6.536820491553172e-10
1.9242155884796903e-10,8.633471311085265e-10,2.3916742409653526e-09
2.0215104128389235e-09,-1.548450432823191e-09,1.3526606327338055e-10
-1.5233087907025985e-09,1.0797550598098512e-09,-1.7367093421131851e-09
-2.291930406694359e-09,6.38442832978162e-10,9.175760240375991e-10
-6.28611757791961e-11,5.462695634566754e-10,2.4900076378638904e-09
-2.1594241696363848e-09,-1.3515885660718745e-09,-1.1223013701311716e-10
9.2572681933524e-11,-1.5322653354614155e-09,-2.0361957765163324e-09
1.9549335270706743e-11,1.232791329588823e-09,2.232116341318502e-09
-1.2041569606543747e-09,-2.2453204506077465e-09,1.0508134082816596e-10
-2.043061440929357e-09,7.539793351297367e-10,-1.3266179219296647e-09
-2.267910840187174e-09,-1.131239110725621e-09,2.8174189487226317e-10
-2.5316985342063327e-09,1.4524346765797668e-10,2.6815455804478196e-10
2.0016156507359226e-09,9.035835365644731e-10,-1.2959828622241305e-09
-6.308727822500889e-10,-2.3918193461163423e-09,6.194350233556585e-10
1.9177449253028175e-09,2.0258209704115337e-10,1.6684468512463019e-09
1.1015784574446716e-09,-1.894693114519539e-09,1.3035194298076526e-09
2.0914168509274118e-09,1.3117147664641532e-09,6.386547792796673e-10
1.395903718429349e-09,-1.7159932051009461e-09,-1.268589819020514e-09
-9.054347534849021e-10,1.67758211869126e-09,-1.6936369570333189e-09
1.057125010567093e-09,1.3868679490085917e-09,-1.8605332579790737e-09
2.0093800611987226e-09,5.307433852098258e-10,-1.4775666579593058e-09
7.525009988262714e-10,2.2392544579246825e-09,-9.60198791620725e-10
-1.1539841276379666e-10,-2.546952825663335e-09,-4.705858239630797e-11
8.073822884075234e-10,3.959646660180155e-10,2.3861780787759897e-09
-1.937517263436293e-09,6.274474725171426e-10,1.5345476607515934e-09
-1.600848506132032e-10,2.538682114774055e-09,1.7879027023437558e-10
2.3799570808802128e-09,1.991747086650276e-10,8.936630956889382e-10
-7.866898214189529e-11,-2.052375972103576e-09,-1.5113120327651262e-09
-2.16291302000704e-09,1.2543955761464688e-09,5.007983690350792e-10
5.589747932756098e-10,7.40116441889147e-11,2.4868794616963126e-09
-1.6727690314772478e-09,3.5251952103313263e-10,-1.892108283006351e-09
-2.2066674816023614e-10,-1.7744015890848235e-09,-1.818049830700369e-09
-2.355372487114595e-09,-9.725058201688186e-10,-9.461964215414783e-11
1.65423144806578e-09,1.926333514525414e-09,2.3506915375344156e-10
-1.468872638423914e-09,3.3158771462420037e-10,2.0579025146006966e-09
-3.115776739327589e-10,2.0330090407654607e-10,2.522714430035296e-09
-1.7323447358770353e-09,-1.4612038419303587e-09,-1.1689161853644963e-09
-4.542780600332515e-10,-1.2656908224449407e-09,2.166600606053427e-09
9.282369705903639e-10,-1.2598906622285819e-10,-2.3717088526253632e-09
-1.981313867123261e-09,-8.263187331271436e-10,1.3762604082179435e-09
1.6678609625752802e-09,1.8394905588267601e-09,-5.80529321830237e-10
-1.376731967086566e-09,-1.8416727017110818e-09,1.1024294764628537e-09
2.494460961839126e-09,2.4061906842450976e-10,4.714519845871315e-10
2.488267161204936e-09,-4.401466942233699e-10,-3.424871122149974e-10
-8.603449365925276e-10,1.36503371258058e-09,-1.97458591952796e-09
4.037668312339325e-10,-2.4784075696006393e-09,4.4381106897142753e-10
3.4586435626079225e-10,1.9359681455204805e-10,-2.5190073680844226e-09
-1.1308708078719622e-09,-2.04877235822705e-09,-1.0129970582720307e-09
-9.554663911728923e-10,2.1467987765920585e-09,-9.903731560184223e-10
-1.6665821559109033e-09,1.7680330833940366e-09,7.739915591423081e-10
-1.4756914614470703e-10,-1.9667743645064206e-10,2.538117675187131e-09
-2.1152745239831432e-09,-4.2872469156930984e-10,1.3580533226006579e-09
-9.685029820668154e-10,1.645769908316938e-09,1.6899536628576963e-09
-1.2288855993974195e-09,1.3366568871670543e-09,1.7904436739485902e-09
-1.4458128162395647e-09,-1.496224430712966e-09,-1.4742583740088026e-09
2.063890369523333e-09,8.874114547509958e-10,1.2063819679378344e-09
2.873268945702916e-10,-2.4596656951053257e-10,2.521793746986421e-09
8.732459175977401e-10,-1.7580731202212073e-09,1.6276118921151168e-09
-1.6409658067458499e-09,1.9156088086133054e-09,3.7439833527148207e-10
2.3815499459732214e-09,6.318881730364673e-10,-6.568387866223969e-10
1.9502472303121166e-09,1.6427084918296039e-09,2.3335627928687228e-11
-8.423440694136079e-10,-1.7757785854728045e-09,-1.6246743932554395e-09
-1.3880615518943341e-09,-4.656902625724743e-10,-2.087802123645311e-09
1.6158217840889895e-09,-1.1734345476614524e-09,1.5857715233973775e-09
7.284277766827712e-10,1.2375733533227187e-09,-2.107203162797208e-09
1.445623343102516e-09,-1.7786377496833036e-09,1.1176407764924378e-09
-1.5186198912539332e-09,1.9029923549981365e-09,-7.582306527083553e-10
-1.9631819878895093e-09,3.817254678441599e-10,-1.581993094051094e-09
1.2359353755249017e-09,-8.105498397561614e-10,2.0779732204235408e-09
7.652000299177638e-11,-2.426457534483326e-09,-7.803515377643847e-10
-9.480966401974164e-10,-2.3564851094858443e-09,-2.2492374178342828e-10
-1.3555565207531976e-09,-1.1707214417012908e-09,-1.815042100058381e-09
7.683768068694774e-10,8.373122646821214e-10,-2.282762636385562e-09
1.1077400051999993e-09,1.0228251647124951e-09,-2.05651179508175e-09
-7.233236491672678e-10,6.270140134491284e-10,-2.3635050931812615e-09
-1.3564088487390286e-09,-6.140807788032985e-11,2.1584448297405027e-09
2.229859652208249e-09,5.927670088004769e-10,-1.0857500654991657e-09
-2.3060635927575874e-10,-1.601986706348356e-09,1.970522595593546e-09
1.4978514157410396e-09,1.7714907615808252e-09,1.0586602939547476e-09
1.150092350821407e-09,-3.9219094616714527e-10,2.241868382917831e-09
7.544431324300444e-10,-5.211423773212441e-10,-2.3794382073273314e-09
2.0404694865116053e-09,-1.5001233791665154e-09,-2.976812420914358e-10
-4.2633392901712564e-10,-1.860933829924285e-09,1.6904628542538733e-09
-2.1798847416915572e-10,2.1419598387777013e-09,-1.3663780861067735e-09
6.612531269708867e-10,2.4600230088375357e-09,-1.1632324815419319e-10
-1.231452933878343e-09,1.395817848516278e-09,-1.742904531351563e-09
-1.836846065737702e-09,1.6095148567796137e-09,-7.334565130869207e-10
-1.7214811984806015e-09,-4.2741779540528754e-10,-1.8320252485838387e-09
-8.663845143962362e-12,2.4577087657188245e-09,-6.797739041006019e-10
-2.002402728100691e-09,-4.028193997401527e-10,-1.5266367759515991e-09
-2.23204322816607e-09,-6.739572350962139e-10,1.032600926234068e-09
-1.1731942735210826e-09,-1.798554837391601e-09,-1.3752511383280557e-09
-6.544051431532321e-10,-8.941438192916678e-10,2.296684727827724e-09
-2.235539349025094e-09,-3.6151489820032107e-10,-1.1722503134312522e-09
2.2914452031289154e-09,-8.826895645778964e-10,6.874867370668083e-10
-1.4584059676038742e-09,-7.270118718020193e-10,1.961378538660075e-09
-2.396275679431815e-10,-9.387725663889136e-10,2.3587676225684478e-09
-1.8725544314171033e-09,1.7304474695585257e-09,3.989306303939121e-11
-2.254787205305175e-09,1.165954299736354e-09,-2.428687499831708e-10
-2.3790403015045317e-09,-7.903590911833484e-10,-4.66904434334329e-10
-6.708990052495317e-10,9.85856167045608e-10,2.253992489484677e-09
-5.766581946934503e-10,-1.1816285299684168e-09,-2.184884286102486e-09
4.529172869958453e-10,1.1633830159156871e-09,2.2234895748393433e-09
6.897564093833795e-10,2.3952879565343758e-09,-5.378956227707423e-10
8.549799348480899e-10,1.111624175472804e-09,2.1297420039787834e-09
2.162391308120443e-09,1.3333078185070207e-09,2.21029617185594e-10
-1.88604715370535e-09,-1.714820085507016e-09,-6.868921561394874e-11
-8.220856020182013e-10,2.387502482526253e-09,-3.556784487220843e-10
1.844897204617401e-09,-4.904003513351555e-10,1.690669039110037e-09
7.805797705194833e-11,4.916922401983507e-10,-2.5009289660338788e-09
1.0263685366818962e-09,-2.2588143649047538e-09,5.889187480539218e-10
7.208102554409473e-10,1.465583012276779e-09,1.958315349931384e-09
-8.536933650815763e-11,2.5374253016897535e-09,-2.380859397965771e-10
-1.829221462866698e-09,1.0871641296073384e-09,-1.4051772112737013e-09
1.7090122793258491e-09,1.2141587719813093e-09,-1.4517560075764466e-09
-1.1204138378263249e-09,2.20207809813731e-09,-6.308921315971958e-10
7.33413898094976e-10,-1.2298728107453564e-09,-2.109980313526752e-09
-1.4627968318108697e-09,9.88262791155381e-10,1.8401255621456536e-09
5.023352118941853e-10,-1.554893007916223e-09,-1.957668784249385e-09
3.3301354817533833e-10,-5.180515704243118e-10,-2.474515012504991e-09
-2.440411004967184e-10,9.33832923203125e-10,2.3602754103727512e-09
1.2036767809521912e-09,-2.1356552417375912e-09,-7.018823943050016e-10
-1.4670668872129573e-10,1.5468061611220519e-10,-2.541072815659477e-09
-1.932334382000999e-09,-1.9700955085848967e-10,1.6522018862739973e-09
-9.74171461589518e-10,-1.1218181534163463e-10,2.3539127434404187e-09
-2.5141842544579867e-09,-3.0745464442458036e-10,2.9470184298251923e-10
1.26163959139152e-09,1.7873843212161742e-09,-1.3099705453574275e-09
1.9588611079812113e-09,1.3030827255855417e-10,-1.6273852997189778e-09
1.4859157864484223e-09,-1.883589616116825e-09,-8.640858948277297e-10
-1.9937991027453165e-09,-1.3505781944136818e-09,-8.385724051423644e-10
-2.1446093919555824e-09,1.068548745099493e-09,8.725560929144933e-10
8.846286320946923e-10,-2.3344424130522343e-09,-5.199142269847353e-10
1.9411943010948663e-09,1.2487397547268726e-09,-1.08393436626093e-09
2.500627454693216e-09,2.795098821321386e-10,-4.1380739314928447e-10
-1.0085347050538675e-09,-1.9890001224873707e-09,1.236622926136797e-09
-1.842380241156299e-09,-2.202082917437521e-11,-1.7628528384636456e-09
-4.872910983074015e-10,-1.939543000850805e-09,-1.5821568611743338e-09
9.54946798757846e-10,1.732210804895244e-09,1.6093546343010647e-09
-4.348959643267384e-12,-2.5232972352622013e-09,3.680382440292783e-10
-1.340609657855723e-09,3.16066918593655e-10,-2.146011986973669e-09
-1.3056327542679569e-09,1.6523976634933526e-09,1.4378473746070474e-09
-4.2171986794782007e-10,-2.2884596660279177e-09,1.042882884096514e-09
7.957028968720846e-11,2.2919374185366848e-09,-1.1149849499031325e-09
2.4636022249535044e-10,1.7599520924710372e-09,-1.8287633179224857e-09
4.4837812377895003e-10,-6.258466308475417e-10,2.431002478973078e-09
-1.2835006506461136e-09,2.189495477335476e-09,2.4745834905797594e-10
8.881440398157195e-10,-7.005987177273345e-10,2.285358090378536e-09
2.077736491858795e-09,-1.22353645110626e-09,8.29740696370021e-10
2.121061435434427e-09,-1.8985737787873315e-10,-1.402694750534791e-09
5.624784232472989e-11,2.256238119679629e-09,1.1868975219193709e-09
-1.4288036126412386e-09,2.071756228318782e-09,-4.1090919547471855e-10
1.6748119679761145e-09,1.4356675518576885e-09,1.2792042653411243e-09
-2.113626094937044e-09,-1.2664313531151109e-09,6.566858903983033e-10
2.4468579629546097e-09,-1.5295596113533835e-10,7.014204039509987e-10
2.333013284527112e-09,-1.1038193624615864e-10,-1.023408443570096e-09
-4.105072641052499e-10,-5.534049428159739e-10,2.455142919543315e-09
1.1290161057120983e-09,-1.9997733938050362e-09,-1.108480494403116e-09
-8.249973897289452e-10,-2.221621240324548e-09,9.41423587700693e-10
-1.3947376032278556e-10,1.56307638195421e-09,2.0099351468040846e-09
-2.4684153189487625e-09,5.96872417089091e-10,2.3058432491673388e-10
-1.6077291928693213e-09,-3.3730846346020555e-10,1.950366591919036e-09
1.8989707032204142e-09,-1.1814912275667909e-09,1.2249443854695138e-09
-5.564439746137407e-10,1.9360118947034033e-09,-1.5635626136113005e-09
1.212441573029948e-09,3.205531703436137e-10,2.2202997763751007e-09
-1.2810535010613433e-10,-5.284257163574825e-10,-2.4913561129566097e-09
4.6497390050934794e-10,2.172626035958178e-09,-1.2513973708306156e-09
1.744804351785687e-09,-1.8358318012139488e-09,2.9644455070261715e-10
-7.99103038719045e-10,1.012221004804116e-09,-2.1998506701463476e-09
-7.097620866597368e-10,2.1683618208028193e-09,1.138834840714447e-09
2.1266405986591907e-11,8.770689822833013e-10,-2.3943261557885023e-09
-6.492328324544188e-10,2.3490524595866104e-09,7.502994544668864e-10
-1.4217411026729246e-09,-1.9945901264226124e-09,-7.09057447988387e-10
-2.106645855023669e-09,1.0252372308977556e-09,-1.0066935292792423e-09
2.4758168631023458e-09,-8.962496669898366e-11,-6.039852860147073e-10
2.21985721286921e-09,9.462917812918745e-10,8.241758423613207e-10
1.47926419420664e-09,-1.1213683013616008e-09,-1.7483736947345038e-09
1.5415086190503018e-09,-1.983085517652247e-09,-4.4002614362279864e-10
-7.978260920469077e-10,-1.3882309711714283e-10,-2.4179953834852463e-09
-2.4222875003678356e-09,7.816887039549436e-10,-1.5487425761237452e-10
8.898929625610583e-10,-2.154183249208673e-09,1.034449150037385e-09
-2.201752886320648e-09,4.0084609190095857e-10,-1.2223365486585201e-09
2.193369204222582e-09,9.531072632037539e-10,-8.849960897067557e-10
2.2037379411564576e-09,2.1382404043176654e-10,-1.2650369031933145e-09
2.4027182886420484e-09,-8.431890387774346e-10,-1.3593038773802749e-10
1.52450202931825e-09,-4.018110008515163e-10,-2.004230895430774e-09
-1.7709297315275867e-09,7.410848295733668e-10,-1.6784222238065856e-09
-1.0510501997286894e-09,-2.235445269308568e-09,-6.329122574071613e-10
-2.2271816591174792e-10,-2.437432760170938e-09,7.15414675708005e-10
4.717494483998067e-10,2.253025253680629e-09,1.0971917171633293e-09
-1.287464806116342e-09,6.870013097621398e-10,2.0911632106071763e-09
1.4039978354420491e-09,6.404259576266866e-10,2.030060262867086e-09
-1.2752186513609264e-09,1.931800913255959e-09,-1.0697955985909942e-09
1.053635503958858e-09,2.228115489193247e-09,-6.541051839073754e-10
-1.553009940476285e-09,1.3342739286632731e-09,1.5199911868400162e-09
1.8413586598010012e-09,-2.801431687627415e-10,-1.741671062793268e-09
-8.397839341624726e-10,1.3327628771401916e-09,2.005244637753608e-09
1.9023244161923912e-09,1.6397865986354621e-09,4.413181692314746e-10
1.1742067180568155e-09,-2.255700805806904e-09,1.8855359437657062e-10
1.0372605452797705e-09,-1.4385754825757033e-09,1.8322366501459348e-09
3.103109704049574e-10,2.498811286230462e-09,-4.0267760982403723e-10
-4.921953231154373e-10,6.043838114335834e-10,2.4279546891118674e-09
-2.4455066795337355e-09,3.987464515206548e-10,6.024934420851167e-10
